   2.1613869e-02   3.1503196e-01
   7.5575493e-03   3.1502155e-01
  -2.7916603e-02   3.1481681e-01
  -6.1153008e-03   3.1481744e-01
  -4.9932065e-02   2.9742288e-01
   2.5039651e-02   2.9733557e-01
   2.2501726e-02   2.9728617e-01
   2.2092607e-03   2.9728359e-01
  -1.9671155e-03   2.9728498e-01
  -3.6592471e-03   2.9728364e-01
   7.6774613e-03   2.9727611e-01
  -3.3661670e-02   2.9720039e-01
   8.9171108e-02   2.6778893e-01
   5.8509048e-03   2.6777859e-01
  -3.8904158e-02   2.6762861e-01
  -1.0075053e-02   2.6761762e-01
   5.3480362e-03   2.6760881e-01
  -5.9652203e-03   2.6760052e-01
  -1.6413973e-03   2.6759848e-01
  -3.1059070e-03   2.6759809e-01
  -1.4724285e-02   2.6757916e-01
   1.4749289e-03   2.6757931e-01
  -1.0703353e-02   2.6756051e-01
  -1.5920048e-02   2.6750361e-01
  -1.1475932e-01   2.3191830e-01
  -2.4736180e-02   2.3185983e-01
   1.5012487e-02   2.3185568e-01
  -6.2776434e-03   2.3185718e-01
  -4.3631191e-02   2.3173409e-01
   2.5389184e-02   2.3168894e-01
  -3.3029852e-02   2.3156838e-01
   8.4435357e-03   2.3156694e-01
   1.2564968e-02   2.3154366e-01
  -2.0524419e-03   2.3154286e-01
   1.0209904e-02   2.3153272e-01
   7.8158235e-03   2.3152762e-01
   5.6471688e-04   2.3152750e-01
   1.0651141e-02   2.3150998e-01
   2.0668709e-02   2.3145149e-01
   3.6503110e-02   2.3129542e-01
   1.3827750e-01   1.9138379e-01
  -1.5106109e-02   1.9135492e-01
   3.1237282e-02   1.9117185e-01
  -5.5011785e-02   1.9087978e-01
   1.3046429e-01   1.8953632e-01
   1.1534877e-02   1.8952763e-01
  -1.8760755e-03   1.8952786e-01
   9.9377071e-03   1.8951788e-01
   1.0620551e-02   1.8951721e-01
   1.0286121e-03   1.8951558e-01
   2.1581600e-03   1.8951437e-01
   7.0049375e-03   1.8951002e-01
  -3.4290447e-03   1.8950976e-01
  -1.0906332e-02   1.8949713e-01
  -1.3875309e-02   1.8948490e-01
   3.0836717e-03   1.8948456e-01
  -2.2605448e-02   1.8944605e-01
  -4.5722568e-02   1.8923945e-01
  -2.8964125e-02   1.8914641e-01
  -4.8201644e-03   1.8914993e-01
  -1.4417105e-01   1.5140306e-01
   1.3465510e-02   1.5141113e-01
  -3.7172552e-02   1.5113231e-01
   4.7436962e-02   1.5088059e-01
  -1.3449420e-01   1.4895278e-01
   2.7864698e-02   1.4889370e-01
   2.3575687e-02   1.4885684e-01
  -5.9874948e-03   1.4885310e-01
   2.2403218e-02   1.4879837e-01
  -1.3141885e-02   1.4877694e-01
   1.0766321e-02   1.4875175e-01
  -1.3211951e-02   1.4872261e-01
   3.0982583e-03   1.4872258e-01
   4.7534312e-03   1.4872101e-01
  -2.7627715e-03   1.4872006e-01
   1.5150204e-02   1.4869716e-01
   3.8142904e-04   1.4869704e-01
  -1.3310653e-04   1.4869703e-01
   3.3583177e-02   1.4862915e-01
   8.9896887e-03   1.4862297e-01
   1.9736495e-02   1.4858187e-01
   4.1070412e-02   1.4840675e-01
   1.2874649e-02   1.4839104e-01
   3.2330804e-03   1.4839709e-01
   1.1619026e-01   1.2248744e-01
   6.6047845e-03   1.2245698e-01
   4.4748497e-02   1.2207842e-01
   3.5881222e-03   1.2207759e-01
   7.5028858e-02   1.2140567e-01
  -2.4679362e-02   1.2134438e-01
   1.1564621e-02   1.2133424e-01
  -5.4468676e-03   1.2133237e-01
  -1.1271019e-02   1.2131773e-01
  -1.0781708e-03   1.2131765e-01
   5.0248021e-03   1.2131219e-01
  -2.6281427e-03   1.2131125e-01
  -1.3476203e-02   1.2127801e-01
   7.3134009e-03   1.2128419e-01
   4.3089239e-03   1.2127857e-01
   1.9243077e-03   1.2127790e-01
   3.9380799e-03   1.2127459e-01
  -8.8445468e-03   1.2126356e-01
  -1.6153483e-04   1.2126361e-01
   4.3518338e-03   1.2126165e-01
   1.8886714e-02   1.2123820e-01
  -4.7682308e-05   1.2123820e-01
  -1.5621890e-02   1.2121068e-01
  -1.2686993e-02   1.2119292e-01
  -1.0334423e-02   1.2118175e-01
  -6.6821444e-03   1.2117513e-01
  -1.5072680e-04   1.2117523e-01
   1.7412011e-02   1.2109625e-01
  -9.2165477e-02   1.0482287e-01
  -1.1130277e-02   1.0475603e-01
  -2.4202218e-02   1.0462174e-01
   4.8261729e-03   1.0461489e-01
  -7.6297271e-02   1.0378151e-01
   1.4628231e-03   1.0378159e-01
  -1.4649278e-02   1.0376218e-01
  -6.5915721e-03   1.0375901e-01
   5.7416857e-03   1.0375669e-01
  -2.8067998e-03   1.0375676e-01
  -1.0150140e-03   1.0375636e-01
  -7.5484686e-03   1.0375216e-01
  -1.0991944e-03   1.0375209e-01
  -5.4598619e-03   1.0374932e-01
   3.4817395e-03   1.0374733e-01
   2.5512319e-03   1.0373988e-01
  -2.1309487e-04   1.0373981e-01
  -1.0770711e-03   1.0373929e-01
  -3.1692851e-03   1.0373860e-01
   6.2477781e-03   1.0373675e-01
  -4.2159044e-03   1.0373633e-01
  -6.3586647e-03   1.0373149e-01
  -9.9389653e-03   1.0372074e-01
  -8.7420787e-03   1.0371533e-01
  -1.4486063e-02   1.0370223e-01
  -2.2195943e-03   1.0370187e-01
   1.1490927e-03   1.0370228e-01
   1.2849759e-02   1.0369045e-01
   1.0785976e-02   1.0367703e-01
   4.5324849e-03   1.0367565e-01
  -6.3569377e-03   1.0366706e-01
  -7.1373224e-03   1.0364859e-01
   6.0427035e-02   9.5875252e-02
   1.0047483e-03   9.5868811e-02
   1.4904838e-02   9.5810348e-02
  -8.9476676e-03   9.5797346e-02
   4.6499427e-02   9.5497759e-02
   1.1589625e-03   9.5497613e-02
   6.3012216e-04   9.5497637e-02
   1.1449430e-03   9.5497503e-02
  -3.9435675e-03   9.5496240e-02
  -1.2966667e-02   9.5485905e-02
  -7.6423383e-03   9.5481109e-02
  -4.4296434e-03   9.5479545e-02
  -4.0255958e-04   9.5479415e-02
  -2.8927059e-03   9.5477897e-02
   9.7465930e-03   9.5463992e-02
  -4.2667080e-03   9.5461192e-02
   8.7890335e-04   9.5461720e-02
  -1.0172901e-02   9.5428983e-02
   3.8596645e-03   9.5426055e-02
  -1.0437901e-03   9.5426312e-02
   1.1450065e-03   9.5425827e-02
   2.7447481e-03   9.5425349e-02
   5.4587296e-03   9.5419427e-02
   4.6492418e-03   9.5416693e-02
  -3.6061831e-03   9.5415150e-02
   7.7889351e-03   9.5409004e-02
  -3.4761041e-03   9.5408199e-02
  -3.6653176e-04   9.5408190e-02
   9.4746722e-03   9.5398819e-02
   2.6946543e-03   9.5398250e-02
  -5.5542013e-03   9.5395025e-02
   7.1711022e-04   9.5395110e-02
   1.5418298e-03   9.5395090e-02
   3.6804075e-03   9.5395793e-02
   5.8404642e-03   9.5389011e-02
   9.8387765e-03   9.5368246e-02
  -3.5422431e-02   9.2044022e-02
  -2.2423109e-02   9.1873700e-02
  -8.3172038e-03   9.1845558e-02
   9.6475740e-03   9.1829495e-02
  -3.7924054e-02   9.1603834e-02
  -3.6940512e-03   9.1602040e-02
   5.1925518e-03   9.1598389e-02
   1.8930149e-02   9.1568953e-02
   8.6025771e-03   9.1562450e-02
  -1.3774431e-02   9.1551158e-02
   8.5222307e-06   9.1551159e-02
   3.5313275e-03   9.1549016e-02
  -2.4031739e-03   9.1548838e-02
   1.8792093e-02   9.1516496e-02
  -2.9925308e-03   9.1515318e-02
   1.0609685e-02   9.1502045e-02
   4.0994614e-03   9.1501656e-02
  -8.7153376e-04   9.1501996e-02
   4.1021697e-03   9.1500262e-02
   6.4488244e-03   9.1493548e-02
   2.2104900e-03   9.1493727e-02
  -4.6946076e-03   9.1491210e-02
   4.7768141e-03   9.1490828e-02
  -8.0783063e-03   9.1485642e-02
  -2.6000349e-03   9.1486052e-02
  -4.2878839e-03   9.1483790e-02
  -9.0538190e-03   9.1477495e-02
   5.7737117e-04   9.1477455e-02
   2.5058049e-04   9.1477415e-02
  -1.4421508e-02   9.1465430e-02
   3.0251430e-03   9.1464947e-02
   1.4801812e-03   9.1464845e-02
  -1.6649497e-03   9.1464973e-02
   2.5062961e-03   9.1464780e-02
  -1.6287975e-02   9.1438048e-02
  -8.5362852e-03   9.1429257e-02
   3.7261958e-03   9.1428465e-02
   3.2142357e-03   9.1427809e-02
  -6.6557444e-03   9.1425786e-02
  -5.1714039e-03   9.1423717e-02
   2.8547837e-02   8.9380182e-02
   1.7770485e-02   8.9276767e-02
   1.2747827e-02   8.9234291e-02
  -3.9129566e-03   8.9233205e-02
   1.7249938e-02   8.9175971e-02
  -3.7005197e-03   8.9176533e-02
  -5.4953964e-03   8.9171773e-02
  -1.6914141e-02   8.9149210e-02
  -6.5663598e-03   8.9145340e-02
  -3.4434223e-04   8.9145507e-02
   1.9267360e-03   8.9145347e-02
  -6.7747516e-03   8.9143155e-02
   4.3668075e-03   8.9142203e-02
  -4.4567953e-04   8.9142282e-02
   5.5017917e-04   8.9142207e-02
  -3.1895280e-03   8.9140331e-02
  -5.4876073e-03   8.9136579e-02
  -4.8371530e-03   8.9134000e-02
   6.5773669e-03   8.9127648e-02
  -5.6268038e-03   8.9125267e-02
  -7.2748748e-03   8.9124237e-02
  -7.3612102e-03   8.9128303e-02
   7.9100776e-03   8.9127056e-02
  -5.4128059e-03   8.9127504e-02
   5.5890193e-03   8.9120704e-02
  -9.1468123e-03   8.9111922e-02
   5.2808696e-03   8.9108651e-02
   2.5888637e-03   8.9107566e-02
   1.0703278e-03   8.9107346e-02
  -5.2168804e-03   8.9105450e-02
   6.4492389e-04   8.9105348e-02
   1.1306443e-02   8.9094176e-02
  -1.7428628e-03   8.9094001e-02
   2.7590720e-03   8.9093676e-02
  -8.9897835e-04   8.9093529e-02
   3.7053037e-03   8.9093140e-02
  -1.5720469e-03   8.9093249e-02
   3.0917252e-03   8.9093069e-02
   7.2975160e-03   8.9088205e-02
  -2.6027898e-03   8.9087790e-02
   4.4178108e-04   8.9087828e-02
  -5.5258304e-03   8.9082945e-02
   4.0020648e-03   8.9085822e-02
   3.7050082e-03   8.9088854e-02
  -2.8072779e-02   8.7606958e-02
  -4.4081524e-03   8.7594327e-02
  -1.4829213e-02   8.7549967e-02
  -3.1237506e-03   8.7551774e-02
  -3.5138811e-02   8.7416550e-02
  -1.0833864e-02   8.7408360e-02
   1.4508149e-02   8.7392357e-02
  -7.0133493e-03   8.7389312e-02
  -1.1272499e-03   8.7389367e-02
  -4.5071970e-03   8.7390598e-02
   4.6460556e-03   8.7389559e-02
  -5.3151587e-03   8.7388230e-02
  -1.6125586e-03   8.7388109e-02
  -3.7389023e-03   8.7388036e-02
   4.5812658e-04   8.7388079e-02
   9.9550407e-03   8.7379750e-02
   3.6082335e-03   8.7378381e-02
   5.4664200e-03   8.7377638e-02
   2.9120914e-03   8.7377383e-02
  -1.7344324e-03   8.7377566e-02
  -2.0172065e-03   8.7375689e-02
   2.2690675e-03   8.7375074e-02
  -1.1668974e-02   8.7362774e-02
  -2.2558575e-03   8.7357979e-02
   1.2325436e-03   8.7356768e-02
   4.5850356e-03   8.7360523e-02
  -3.1699930e-03   8.7357166e-02
   1.9650571e-03   8.7356304e-02
   6.1440412e-03   8.7350696e-02
  -3.9769392e-03   8.7349457e-02
   4.9900210e-04   8.7349329e-02
   8.3866812e-03   8.7343869e-02
  -8.4094934e-03   8.7342510e-02
   1.3502561e-02   8.7333933e-02
   3.1181191e-03   8.7333097e-02
  -8.1919778e-03   8.7330068e-02
   7.4777135e-03   8.7327622e-02
   4.3174489e-03   8.7327198e-02
   5.0029418e-03   8.7326658e-02
   2.6389401e-03   8.7326536e-02
   5.1304904e-03   8.7323680e-02
  -4.4751004e-04   8.7323550e-02
  -2.5325910e-03   8.7323487e-02
  -6.0317466e-03   8.7322163e-02
  -7.6580379e-04   8.7321875e-02
  -4.8901800e-03   8.7320542e-02
   7.2294221e-03   8.7306241e-02
   1.1625912e-02   8.7292819e-02
   1.5854543e-02   8.6716469e-02
   8.7319876e-03   8.6689255e-02
   1.0254233e-02   8.6675895e-02
  -5.3311484e-03   8.6673802e-02
   1.4869595e-03   8.6670414e-02
   6.2762649e-03   8.6665688e-02
  -2.7761580e-03   8.6664055e-02
   8.4184566e-03   8.6656599e-02
   4.0645306e-03   8.6655886e-02
  -6.6701085e-03   8.6658662e-02
  -2.4364046e-03   8.6657623e-02
   6.6910455e-04   8.6657448e-02
   2.5027530e-03   8.6657172e-02
   1.0799998e-02   8.6652134e-02
   9.6669354e-04   8.6652036e-02
   1.2965828e-02   8.6640204e-02
  -5.7563564e-03   8.6638091e-02
   5.5181438e-04   8.6638129e-02
   5.0055009e-04   8.6638241e-02
  -2.0094464e-03   8.6637717e-02
  -4.4573889e-04   8.6637731e-02
  -3.4227770e-03   8.6636936e-02
   9.4859838e-03   8.6631068e-02
   8.9977430e-04   8.6630439e-02
  -1.0749636e-03   8.6630468e-02
   3.1138878e-03   8.6623110e-02
  -6.1633827e-03   8.6616423e-02
   6.2147680e-03   8.6602767e-02
   5.0329640e-03   8.6597792e-02
  -4.1542743e-03   8.6599530e-02
  -9.6609339e-05   8.6599511e-02
   3.7012865e-03   8.6599335e-02
  -1.2874860e-03   8.6599426e-02
  -1.8381116e-03   8.6599138e-02
  -7.1802655e-03   8.6600196e-02
   3.5167466e-03   8.6600754e-02
  -5.4806876e-03   8.6598751e-02
   3.0939586e-03   8.6597383e-02
   2.7091795e-03   8.6597075e-02
  -8.9134187e-03   8.6593804e-02
  -3.6497387e-03   8.6592303e-02
   5.2902570e-05   8.6592319e-02
   3.4803169e-03   8.6592452e-02
  -1.0662241e-02   8.6585315e-02
   1.8177733e-03   8.6585335e-02
  -7.4527919e-05   8.6585317e-02
  -6.1285195e-03   8.6582239e-02
  -1.5598283e-03   8.6581966e-02
   2.3624139e-03   8.6582096e-02
  -5.6054882e-03   8.6578835e-02
  -7.5178701e-03   8.6565006e-02
  -2.2089440e-03   8.6564399e-02
  -1.1367243e-02   8.6260732e-02
  -3.6166501e-03   8.6253345e-02
  -8.6501413e-05   8.6253288e-02
   1.5192083e-02   8.6240983e-02
  -1.6224465e-02   8.6222576e-02
   4.6854865e-03   8.6218109e-02
  -3.3764210e-03   8.6215784e-02
   3.6656756e-03   8.6215311e-02
   6.3348677e-03   8.6213375e-02
   4.4325932e-03   8.6208433e-02
   3.9510864e-03   8.6208108e-02
  -5.3171204e-03   8.6207573e-02
   9.6785336e-04   8.6207606e-02
  -1.0058921e-03   8.6207572e-02
  -2.5780674e-03   8.6207315e-02
  -1.3495257e-02   8.6195675e-02
  -1.6876599e-03   8.6195599e-02
   6.2056068e-04   8.6195717e-02
  -4.5999024e-03   8.6194712e-02
   2.6455570e-03   8.6194702e-02
   1.1690753e-02   8.6188266e-02
  -9.4649132e-03   8.6180495e-02
  -7.6461692e-03   8.6176684e-02
   2.2874034e-03   8.6175565e-02
   3.5547129e-03   8.6178759e-02
   2.0319204e-03   8.6179779e-02
   7.1478868e-03   8.6176564e-02
  -8.7650308e-03   8.6165512e-02
   3.1384906e-03   8.6167377e-02
  -1.1398621e-02   8.6151401e-02
  -6.6311822e-03   8.6145934e-02
  -3.8945040e-03   8.6144259e-02
   5.2060212e-03   8.6141799e-02
   8.1049185e-03   8.6136854e-02
  -1.6622431e-03   8.6137191e-02
  -1.6051650e-03   8.6136881e-02
   3.9426609e-04   8.6136646e-02
  -8.8884116e-03   8.6129178e-02
   5.6284147e-03   8.6126703e-02
  -3.4072161e-03   8.6126647e-02
   2.3139832e-04   8.6126657e-02
   5.2264738e-03   8.6125629e-02
  -1.1958474e-03   8.6125572e-02
   1.2906371e-02   8.6115995e-02
   5.3652343e-03   8.6115606e-02
   5.1097589e-03   8.6116234e-02
  -1.0626595e-02   8.6107532e-02
  -5.8948637e-03   8.6106956e-02
   1.0551396e-02   8.6102779e-02
  -1.5133644e-03   8.6102373e-02
   6.3014986e-03   8.6098727e-02
   6.7164987e-03   8.6092631e-02
  -1.8996012e-03   8.6092332e-02
   2.1497057e-03   8.6091675e-02
   5.8828743e-03   8.6084504e-02
   2.2195296e-03   8.6087484e-02
   1.1169255e-02   8.5866960e-02
   1.0315675e-02   8.5850686e-02
   5.8974317e-03   8.5851157e-02
   1.5352883e-02   8.5834881e-02
   1.2111271e-02   8.5795381e-02
  -7.4917887e-03   8.5791730e-02
   2.8958650e-03   8.5791818e-02
   3.5556852e-03   8.5791297e-02
  -2.8073086e-03   8.5789998e-02
   7.5880526e-03   8.5782546e-02
  -3.5468928e-03   8.5781406e-02
   2.7147640e-03   8.5779874e-02
   3.1868652e-03   8.5780085e-02
  -1.5226736e-04   8.5780093e-02
  -6.6628054e-04   8.5780081e-02
  -7.8005778e-03   8.5777979e-02
   3.4296651e-03   8.5777358e-02
   3.9227071e-03   8.5776524e-02
   1.3387372e-03   8.5776409e-02
   7.5150626e-03   8.5775210e-02
   8.6066256e-03   8.5770771e-02
   1.9937076e-03   8.5771117e-02
  -6.1593009e-03   8.5767342e-02
   1.6795486e-03   8.5766935e-02
  -5.2233800e-03   8.5768360e-02
   2.4986844e-04   8.5768362e-02
   9.5499700e-03   8.5769757e-02
   3.0351788e-03   8.5765503e-02
   7.2966513e-03   8.5760417e-02
   1.2635445e-04   8.5760317e-02
   5.8110306e-03   8.5757616e-02
  -8.2980708e-04   8.5758085e-02
   3.2963465e-03   8.5757699e-02
   7.1686131e-03   8.5748009e-02
   4.6767946e-03   8.5750654e-02
  -5.8948374e-03   8.5745819e-02
   7.2721142e-04   8.5745768e-02
   1.9925812e-03   8.5745576e-02
   1.9818042e-02   8.5719379e-02
  -1.3123096e-02   8.5710411e-02
   6.8013574e-04   8.5710484e-02
   6.3062017e-03   8.5707033e-02
  -4.1760311e-03   8.5705783e-02
   4.1552999e-04   8.5705846e-02
  -1.9926843e-03   8.5705686e-02
   5.9302921e-04   8.5705674e-02
   4.1207321e-03   8.5705022e-02
  -7.5925759e-05   8.5705009e-02
  -5.1419166e-03   8.5702865e-02
   1.1948145e-03   8.5703361e-02
  -3.0557845e-03   8.5703518e-02
   5.0975990e-03   8.5700890e-02
   2.0929599e-03   8.5701855e-02
  -4.6584996e-03   8.5700970e-02
  -2.4101012e-03   8.5701272e-02
  -4.1944900e-03   8.5699891e-02
  -3.9040380e-03   8.5697648e-02
  -1.5966540e-03   8.5698126e-02
  -4.9169915e-03   8.5693565e-02
   3.7563999e-03   8.5691752e-02
  -8.8173076e-03   8.5578621e-02
  -7.2108741e-03   8.5576415e-02
  -1.6676111e-03   8.5576134e-02
   7.8966642e-03   8.5585679e-02
  -1.1404982e-02   8.5583981e-02
   4.7071924e-03   8.5580368e-02
  -3.2928074e-03   8.5578290e-02
  -1.8132013e-03   8.5577477e-02
  -2.3988853e-03   8.5576753e-02
   1.6393714e-02   8.5561581e-02
  -1.7338649e-02   8.5550492e-02
  -6.1439089e-04   8.5550605e-02
   1.0277921e-03   8.5550744e-02
  -8.5500034e-05   8.5550740e-02
  -3.5778966e-03   8.5550496e-02
  -2.0508815e-03   8.5550339e-02
   3.8030030e-03   8.5549843e-02
   7.4868557e-03   8.5546305e-02
   5.8509965e-03   8.5545796e-02
   7.3491301e-03   8.5544467e-02
   5.8669151e-03   8.5542882e-02
  -7.0547594e-03   8.5537323e-02
   4.2669613e-03   8.5537311e-02
   1.9353080e-03   8.5537756e-02
  -1.1224784e-02   8.5529564e-02
  -1.8255161e-03   8.5529776e-02
  -8.0422869e-03   8.5530187e-02
   3.1795023e-03   8.5528769e-02
  -2.4973311e-04   8.5528441e-02
  -6.8776697e-03   8.5518581e-02
  -3.9494496e-03   8.5519077e-02
  -4.1599697e-03   8.5521427e-02
   5.6370247e-03   8.5527494e-02
   8.3170005e-03   8.5530477e-02
   8.0402934e-03   8.5531526e-02
  -4.5353803e-04   8.5531394e-02
   1.6281364e-02   8.5527837e-02
  -5.5144697e-05   8.5527843e-02
   7.8639491e-03   8.5523434e-02
   7.5744706e-04   8.5523475e-02
   9.9365435e-03   8.5519907e-02
   1.6210259e-03   8.5519175e-02
   1.1938278e-03   8.5519283e-02
   4.4476569e-03   8.5518402e-02
   4.4182069e-03   8.5517502e-02
  -4.7234452e-04   8.5517386e-02
   7.2757604e-03   8.5515278e-02
   5.8211614e-03   8.5514274e-02
  -1.0137299e-02   8.5511182e-02
  -3.1001015e-04   8.5511164e-02
   2.3234165e-03   8.5511256e-02
  -1.6720116e-03   8.5511012e-02
  -1.5011166e-02   8.5503072e-02
  -1.0464665e-02   8.5494723e-02
  -7.4936564e-03   8.5493935e-02
   7.7288413e-03   8.5490238e-02
  -7.1123914e-04   8.5489839e-02
  -7.4054658e-03   8.5488198e-02
  -1.1545989e-02   8.5486554e-02
  -2.9514109e-03   8.5488226e-02
   5.3260155e-03   8.5488219e-02
  -5.0760834e-03   8.5487927e-02
   3.8827313e-03   8.5486388e-02
   4.0971113e-03   8.5494314e-02
  -3.8938163e-03   8.5536172e-02
   5.0137796e-05   8.5536225e-02
  -8.0958442e-03   8.5528863e-02
   6.4052617e-03   8.5528733e-02
   7.7866406e-03   8.5509955e-02
  -4.1956941e-03   8.5511244e-02
  -2.5205864e-03   8.5511344e-02
   1.4852552e-03   8.5511443e-02
  -1.1299848e-03   8.5511350e-02
   1.0549240e-02   8.5511980e-02
  -4.7852846e-03   8.5514177e-02
   5.6559216e-03   8.5511199e-02
  -7.8801340e-03   8.5506372e-02
   1.1401966e-02   8.5501668e-02
  -1.9558707e-04   8.5501683e-02
   8.7669073e-03   8.5498825e-02
  -6.9178199e-04   8.5498812e-02
   1.1981357e-02   8.5494888e-02
  -1.1457939e-02   8.5489875e-02
   4.4859178e-03   8.5489482e-02
   6.3813328e-03   8.5490059e-02
  -3.3914216e-03   8.5488868e-02
  -7.0550507e-03   8.5485753e-02
   1.4683685e-03   8.5485834e-02
  -3.8542089e-03   8.5484583e-02
  -3.6487539e-04   8.5484416e-02
   1.8922269e-04   8.5484360e-02
  -1.3732058e-03   8.5484175e-02
   2.0200185e-03   8.5482223e-02
  -4.4749164e-03   8.5481985e-02
   3.4063542e-03   8.5486268e-02
   4.3130299e-03   8.5479587e-02
  -9.3839035e-03   8.5475249e-02
   1.3749126e-03   8.5475456e-02
   2.8121096e-03   8.5473826e-02
   1.1047618e-02   8.5458670e-02
   6.7153717e-03   8.5457491e-02
   3.8630395e-03   8.5454067e-02
   4.3440471e-03   8.5458444e-02
  -1.1978652e-02   8.5455135e-02
  -2.7645699e-03   8.5455102e-02
  -8.5295331e-04   8.5454917e-02
  -7.6261374e-03   8.5446861e-02
   8.8894139e-04   8.5446642e-02
   2.8699625e-03   8.5446955e-02
  -4.2538712e-03   8.5445363e-02
   3.1468922e-03   8.5445605e-02
  -3.5646003e-03   8.5444853e-02
  -2.8238130e-03   8.5444069e-02
  -3.8364061e-03   8.5442974e-02
   8.2120156e-03   8.5441217e-02
   2.1772974e-03   8.5441102e-02
   1.1677887e-02   8.5433491e-02
   9.7232866e-03   8.5431133e-02
  -4.5286867e-03   8.5429590e-02
  -1.1601970e-02   8.5424570e-02
  -2.7918067e-03   8.5426118e-02
  -9.4463726e-03   8.5422291e-02
   5.6183675e-03   8.5418265e-02
  -1.0919520e-03   8.5418006e-02
  -5.2447861e-03   8.5414164e-02
  -2.5300719e-03   8.5415492e-02
  -9.4896427e-03   8.5419224e-02
  -5.7030910e-03   8.5416239e-02
   6.9905284e-03   8.5416506e-02
  -1.1513250e-03   8.5416885e-02
  -3.8837187e-03   8.5416836e-02
   4.1983227e-03   8.5413932e-02
  -8.7767564e-03   8.5338517e-02
  -1.1650741e-04   8.5338688e-02
  -5.9488377e-05   8.5338660e-02
  -7.2829245e-03   8.5320196e-02
  -4.9751374e-03   8.5323668e-02
  -8.6738631e-04   8.5323564e-02
  -1.7204345e-02   8.5315189e-02
  -4.3802138e-03   8.5314009e-02
  -4.6414283e-03   8.5312984e-02
   9.8272667e-03   8.5320413e-02
   6.5158034e-03   8.5314313e-02
   9.4798390e-04   8.5314291e-02
   8.7567395e-04   8.5314185e-02
  -5.8120383e-03   8.5310551e-02
   1.0837216e-02   8.5305045e-02
  -6.4844638e-03   8.5302363e-02
  -7.2823277e-03   8.5301289e-02
  -4.3088000e-03   8.5300777e-02
   7.2135124e-03   8.5299490e-02
  -2.7603127e-03   8.5298198e-02
   5.3882608e-03   8.5296100e-02
   2.9891139e-03   8.5296542e-02
  -9.9540947e-03   8.5288263e-02
  -1.6156511e-02   8.5279145e-02
   1.6190072e-03   8.5278991e-02
  -8.0887097e-03   8.5275517e-02
  -1.1735084e-02   8.5270697e-02
   1.2184797e-04   8.5270732e-02
   1.5260179e-03   8.5270415e-02
   1.1500160e-02   8.5265965e-02
  -2.3626909e-04   8.5266163e-02
  -1.8358204e-03   8.5266028e-02
  -6.2308204e-03   8.5262328e-02
  -9.2590836e-03   8.5253579e-02
  -6.7823989e-03   8.5256530e-02
   9.7248012e-03   8.5246084e-02
  -2.3241041e-03   8.5240919e-02
  -4.5282809e-03   8.5236985e-02
   5.8103690e-03   8.5245565e-02
  -8.5931587e-04   8.5245005e-02
  -1.2445826e-03   8.5243148e-02
  -4.7598421e-03   8.5242090e-02
  -7.3404628e-03   8.5238374e-02
   2.3670648e-03   8.5238323e-02
   5.3418964e-03   8.5239078e-02
   7.5817900e-03   8.5235084e-02
  -6.0712789e-03   8.5233266e-02
   1.2759419e-02   8.5228929e-02
  -5.4224109e-03   8.5226766e-02
  -8.1305382e-03   8.5224445e-02
  -1.0177948e-02   8.5221446e-02
  -6.3314857e-03   8.5219992e-02
  -1.1639468e-03   8.5219654e-02
  -3.3558058e-03   8.5219348e-02
  -5.2703702e-04   8.5219340e-02
   2.3324265e-03   8.5219407e-02
  -4.8103712e-03   8.5218316e-02
  -8.0126016e-03   8.5213466e-02
   8.1936176e-04   8.5213450e-02
   7.8590136e-03   8.5208543e-02
  -1.2808241e-03   8.5209420e-02
   3.6765061e-03   8.5207360e-02
   1.8236388e-03   8.5206815e-02
  -2.4662074e-04   8.5206789e-02
  -1.4042029e-03   8.5206283e-02
  -1.5554343e-03   8.5206486e-02
   9.3205147e-05   8.5206403e-02
   8.5764677e-03   8.5192725e-02
  -6.9821768e-03   8.5192260e-02
   7.7852659e-03   8.5191050e-02
  -1.0996043e-03   8.5190507e-02
  -6.6822880e-04   8.5188678e-02
  -2.2639135e-03   8.5207680e-02
  -6.9462037e-03   8.5197062e-02
   7.5739728e-04   8.5196710e-02
   8.6898216e-03   8.5201719e-02
   3.3805125e-04   8.5201071e-02
   1.5667796e-02   8.5186212e-02
  -7.9872477e-03   8.5188621e-02
  -5.1741712e-03   8.5187060e-02
   1.5154206e-03   8.5186732e-02
   7.7359114e-03   8.5193740e-02
   1.5210371e-02   8.5180572e-02
   2.5675104e-03   8.5180357e-02
  -3.6933675e-03   8.5179860e-02
  -8.4892718e-03   8.5177459e-02
  -7.7084759e-03   8.5173323e-02
  -1.0652289e-02   8.5171537e-02
   1.0372212e-04   8.5171506e-02
   1.3631570e-03   8.5171271e-02
   6.8455863e-04   8.5171263e-02
   9.6300633e-04   8.5171236e-02
  -7.8198845e-04   8.5171021e-02
  -8.1299203e-03   8.5166903e-02
   1.2031269e-02   8.5162301e-02
  -7.6021627e-04   8.5162050e-02
  -1.5738808e-03   8.5161765e-02
  -1.7163154e-03   8.5162680e-02
   4.3341621e-03   8.5162063e-02
  -3.3424531e-03   8.5162348e-02
  -4.9012439e-03   8.5163777e-02
  -5.0794778e-03   8.5161088e-02
   4.8042486e-03   8.5159505e-02
   8.1783884e-03   8.5159540e-02
  -4.6589948e-03   8.5163329e-02
   9.5008278e-03   8.5160513e-02
  -1.3791831e-02   8.5128110e-02
   2.2350912e-03   8.5125688e-02
  -6.8677136e-03   8.5128259e-02
   1.8737296e-03   8.5127223e-02
   9.1741535e-03   8.5127199e-02
  -1.4089776e-03   8.5126768e-02
   2.2026331e-03   8.5125563e-02
   2.4119530e-03   8.5122939e-02
  -2.9320292e-03   8.5119469e-02
   1.3996216e-02   8.5102382e-02
   5.5642749e-03   8.5098541e-02
  -1.3245003e-03   8.5098201e-02
   6.4827546e-04   8.5098445e-02
  -3.5054574e-03   8.5097886e-02
  -9.7442730e-03   8.5093479e-02
  -2.6222380e-03   8.5091927e-02
  -2.6740603e-03   8.5091861e-02
   3.5019968e-03   8.5090245e-02
   3.2668959e-03   8.5089143e-02
   1.4712238e-03   8.5088699e-02
  -8.4461276e-03   8.5084834e-02
   4.8375641e-03   8.5083732e-02
   7.7950254e-04   8.5083722e-02
   9.5798298e-03   8.5081614e-02
   2.7934624e-03   8.5081443e-02
   3.6726130e-04   8.5081504e-02
   9.9112826e-03   8.5078300e-02
  -5.7551401e-04   8.5078219e-02
  -4.3035577e-03   8.5077611e-02
   2.5183837e-03   8.5077349e-02
   5.5718496e-03   8.5072623e-02
  -8.2053725e-03   8.5073219e-02
   1.8629041e-03   8.5072816e-02
  -1.8887322e-03   8.5072491e-02
  -1.3661200e-03   8.5072257e-02
   1.2409998e-02   8.5058061e-02
   4.5201896e-03   8.5051150e-02
  -1.0756472e-02   8.5044641e-02
  -1.4136499e-02   8.5026333e-02
   7.0904415e-03   8.5019265e-02
   3.9346107e-03   8.5016792e-02
   4.9186481e-03   8.5014191e-02
   5.5174310e-03   8.5053328e-02
   3.9723202e-03   8.5047611e-02
  -5.1120555e-03   8.5044370e-02
   1.1461892e-03   8.5046155e-02
  -4.2911863e-03   8.5048730e-02
   9.7438630e-04   8.5048568e-02
   3.0039658e-03   8.5044562e-02
   3.2629304e-03   8.5043359e-02
  -1.6577940e-03   8.5043670e-02
  -8.6652817e-03   8.5026571e-02
   5.8008292e-03   8.5026845e-02
   2.5958714e-03   8.5027103e-02
  -8.3172959e-04   8.5027258e-02
  -7.7164801e-03   8.5026940e-02
   2.3928620e-03   8.5026715e-02
   4.5797152e-04   8.5026516e-02
   4.8881538e-03   8.5024392e-02
   7.1069940e-03   8.5022784e-02
   1.2759184e-03   8.5022774e-02
  -9.8739396e-03   8.5020607e-02
   4.8887021e-03   8.5020103e-02
  -6.4794643e-03   8.5019052e-02
  -2.2667302e-04   8.5018999e-02
   8.9489293e-04   8.5018978e-02
  -1.3876948e-02   8.5008301e-02
  -9.0368132e-03   8.5004327e-02
   4.2097027e-04   8.5004330e-02
   4.2339471e-03   8.5000944e-02
  -2.3688045e-03   8.5000416e-02
   2.8698482e-03   8.4999850e-02
   4.7896400e-03   8.4996979e-02
   6.6060351e-04   8.4997094e-02
   1.8050475e-03   8.4997262e-02
  -6.3328221e-03   8.4993056e-02
  -4.6141728e-03   8.4996105e-02
   7.1402044e-03   8.4993465e-02
   1.5998916e-02   8.4992021e-02
   9.7251896e-04   8.4992281e-02
   3.3367591e-03   8.4989869e-02
   1.7972924e-03   8.4990487e-02
  -7.4030112e-03   8.4985868e-02
   1.5501791e-04   8.4985913e-02
  -1.6827892e-02   8.4942012e-02
  -9.6765392e-03   8.4931459e-02
  -8.9450122e-03   8.4919448e-02
   4.5356220e-03   8.4919684e-02
  -4.5419024e-03   8.4919088e-02
   2.7559544e-03   8.4919521e-02
  -2.3955185e-03   8.4917264e-02
  -6.9759838e-04   8.4917283e-02
   9.6000728e-03   8.4908808e-02
  -3.0019645e-03   8.4906915e-02
  -9.0205593e-03   8.4905472e-02
  -5.2919174e-05   8.4905479e-02
   1.1043356e-02   8.4899813e-02
  -4.2331718e-03   8.4899872e-02
   2.0931855e-03   8.4899416e-02
  -3.2205709e-03   8.4898974e-02
   8.9458774e-04   8.4898975e-02
  -2.9531889e-03   8.4898783e-02
  -7.4688323e-03   8.4897695e-02
  -1.6184179e-02   8.4887568e-02
   5.2157160e-03   8.4887609e-02
  -4.4853162e-03   8.4886477e-02
  -5.4811401e-03   8.4883855e-02
   5.8616773e-03   8.4883045e-02
  -5.7032238e-04   8.4883143e-02
   1.6244701e-03   8.4883219e-02
   1.0073561e-02   8.4877042e-02
  -5.7909197e-03   8.4879709e-02
   1.7379792e-03   8.4879627e-02
  -3.8042257e-03   8.4880059e-02
  -9.1752711e-04   8.4879673e-02
  -2.5220888e-03   8.4879245e-02
  -7.9408368e-03   8.4884120e-02
   9.7475826e-03   8.4874587e-02
   6.7458521e-03   8.4869125e-02
  -7.6927423e-03   8.4863463e-02
  -5.6135660e-03   8.4862364e-02
  -2.0984410e-03   8.4856725e-02
   4.8241086e-03   8.4804887e-02
  -4.5475443e-03   8.4801713e-02
  -2.2378624e-03   8.4802961e-02
  -2.3043272e-03   8.4800196e-02
   1.1324805e-02   8.4776878e-02
  -7.5855401e-03   8.4769893e-02
   1.3081964e-03   8.4768928e-02
   2.2194439e-03   8.4769247e-02
  -3.0331893e-03   8.4769134e-02
  -3.9515917e-04   8.4768715e-02
  -2.1755704e-03   8.4767824e-02
   4.5745449e-03   8.4768781e-02
  -1.5350372e-03   8.4769108e-02
   9.3720701e-03   8.4761546e-02
   3.5865097e-03   8.4761608e-02
   1.1323677e-02   8.4753276e-02
   5.0288110e-03   8.4752513e-02
  -3.6166494e-03   8.4751717e-02
  -4.7308578e-03   8.4751020e-02
   2.9379133e-03   8.4749777e-02
   5.4929759e-03   8.4749169e-02
